leader_protein,212,751,0
leader_protein,212,751,0
nsp2,752,2665,540
nsp2,752,2665,540
nsp3,2666,8500,2454
nsp3,2666,8500,2454
nsp4,8501,10000,8289
nsp4,8501,10000,8289
3C-like_proteinase,10001,10918,9789
3C-like_proteinase,10001,10918,9789
nsp6,10919,11779,10707
nsp6,10919,11779,10707
nsp7,11780,12028,11568
nsp7,11780,12028,11568
nsp8,12029,12622,11817
nsp8,12029,12622,11817
nsp9,12623,12961,12411
nsp9,12623,12961,12411
nsp10,12962,13378,12750
nsp10,12962,13378,12750
nsp11,13379,13417,13167
nsp11,13379,13417,13167
RNA-dependent_RNA_polymerase_rib_26,13405,16173,13167
RNA-dependent_RNA_polymerase_rib_26,13405,16173,13167
RNA-dependent_RNA_polymerase_rib_26,13405,16173,-26
helicase,16174,17976,2769
3'-to-5'_exonuclease,17977,19557,4572
endoRNAse,19558,20595,6153
2'-O-ribose_methyltransferase,20596,21489,7191
